delta = 0.001
radius_factor = 2.0

[[bodies]]
pos = [0, 2, 0]
speed = [-2, 0, 0]
mass = 13.856406

[[bodies]]
pos = [1.732051, -1, 0]
speed = [1, 1.732051, 0]
mass = 13.856406

[[bodies]]
pos = [-1.732051, -1, 0]
speed = [1, -1.732051, 0]
mass = 13.856406
