delta = 0.001
radius_factor = 1.0

[[bodies]]
pos = [0, 1, 0]
speed = [6.123233995736766e-17, 1, 1.5]  # cos(0.5 * pi)
mass = 3

[[bodies]]
pos = [5, 0.8660254037844387, 0]  # sin(2/3*pi)
speed = [-0.8660254037844388, -0.5, -1]  # cos(0.5*pi + 2/3*pi)
mass = 3

[[bodies]]
pos = [-0.5, -0.8660254037844385, 0]
speed = [0.8660254037844384, -0.5, 0.5]  # cos(0.5*pi + 4/3*pi)
mass = 3
